[[ 0.  1.  0.  1.  0.  1.  0.  1.  1.  1.  1.  1. ]
 [ 0.  0.  0.  1.  0.  0.  0.  1.  1.  0.  1.  1. ]
 [ 0.  1.  0.  1.  0.  1.  0.  0.  1.  1.  1.  1. ]
 [ 0.  0.  0.  0.  0.  1.  0.  1.  1.  0.  1.  1. ]
 [ 1.  1.  1.  1.  0.  0.  0.  1.  1.  1.  0.  1. ]
 [ 0.  0.  0.  0.  0.  0.  0.  0.  0.  0.  0.  0. ]
 [ 0.  0.  0.  0.  0.  1.  0.  0.  1.  0.  0.  0. ]
 [ 0.  0.  0.  0.  0.  1.  0.  0.  0.  0.  1.  1. ]
 [ 0.  0.  0.  0.  0.  0.  0.  0.  0.  0.  0.  0. ]
 [ 0.  0.  0.  0.  0.  0.  1.  0.  0.  0.  0.  1. ]
 [ 0.  0.  0.  0.  0.  0.  1.  0.  1.  1.  0.  1. ]
 [ 0.  0.  0.  0.  0.  1.  1.  0.  0.  0.  0.  0. ]]

12	13	27.432864
14	15	27.324486
17	21	13.5745049943
12	17	12.5361667826
13	18	11.7800525774
13	17	11.2779778764
17	18	10.0886910373
12	18	9.97337571429
13	22	8.94503240162
18	19	7.8369984
15	21	7.14835604348
16	23	7.11334101122
16	21	6.75885499379
13	23	6.21641752782
14	21	5.92792919217
15	22	5.58538684615
17	22	5.21733280936
15	18	4.979275875
21	23	4.51387710559
17	23	4.34869647205
13	16	4.31211245955
15	19	4.1234034375
16	17	4.06217612795
17	19	3.94133767826
13	15	3.90996833684
16	22	3.89132746813
15	23	3.39245823214
13	19	3.16583946947
19	21	2.93716242391
12	19	2.9082564
21	22	2.55599735117
15	17	2.52417717391
13	21	2.52414782609
14	22	2.47296057231
19	23	1.97647656429
12	15	1.88865675
18	21	1.84426904348
13	14	1.72337428042
19	22	1.59628610769
12	22	1.38103338462
12	23	1.22660839286
12	16	1.13229514286
18	23	1.03546666837
15	16	0.958907989286
14	18	0.873486777857
14	16	0.790282339714
18	22	0.756958054945
16	19	0.755394274286
12	21	0.752698956522
14	17	0.540152467826
12	14	0.46121724
14	23	0.232073292857
16	18	0.223950191327
18	20	0.216405
14	19	0.189405243
12	20	0.189324
13	20	0.189324
14	20	0.162243
17	20	0.162243
15	20	0.162243
19	20	0.162243
16	20	0.135162
20	22	0.135162
20	23	0.135162
20	21	0.135162

 